# kmin, kmax, alpha [1sigma]
4.000000000000000083e-03 3.400000000000000244e-02 1.184148018502313437e-01
1.400000000000000029e-02 3.400000000000000244e-02 1.185148143517940067e-01
4.000000000000000083e-03 4.399999999999999745e-02 2.740342542817852944e-02
1.400000000000000029e-02 4.399999999999999745e-02 2.740342542817852944e-02
4.000000000000000083e-03 5.400000000000000633e-02 1.570196274534318981e-02
1.400000000000000029e-02 5.400000000000000633e-02 1.570196274534318981e-02
2.400000000000000050e-02 5.400000000000000633e-02 1.570196274534318981e-02
4.000000000000000083e-03 6.400000000000000133e-02 5.600700087510901426e-03
1.400000000000000029e-02 6.400000000000000133e-02 5.600700087510901426e-03
2.400000000000000050e-02 6.400000000000000133e-02 5.600700087510901426e-03
3.400000000000000244e-02 6.400000000000000133e-02 5.600700087510901426e-03
4.000000000000000083e-03 7.400000000000001021e-02 5.400675084385575531e-03
1.400000000000000029e-02 7.400000000000001021e-02 5.400675084385575531e-03
2.400000000000000050e-02 7.400000000000001021e-02 5.400675084385575531e-03
3.400000000000000244e-02 7.400000000000001021e-02 5.400675084385575531e-03
4.399999999999999745e-02 7.400000000000001021e-02 5.700712589073564374e-03
4.000000000000000083e-03 8.400000000000000522e-02 3.500437554694313391e-03
1.400000000000000029e-02 8.400000000000000522e-02 3.500437554694313391e-03
2.400000000000000050e-02 8.400000000000000522e-02 3.500437554694313391e-03
3.400000000000000244e-02 8.400000000000000522e-02 3.500437554694313391e-03
4.399999999999999745e-02 8.400000000000000522e-02 3.500437554694313391e-03
5.400000000000000633e-02 8.400000000000000522e-02 3.500437554694313391e-03
4.000000000000000083e-03 9.400000000000000022e-02 2.400300037504798922e-03
1.400000000000000029e-02 9.400000000000000022e-02 2.400300037504798922e-03
2.400000000000000050e-02 9.400000000000000022e-02 2.400300037504798922e-03
3.400000000000000244e-02 9.400000000000000022e-02 2.400300037504798922e-03
4.399999999999999745e-02 9.400000000000000022e-02 2.400300037504798922e-03
5.400000000000000633e-02 9.400000000000000022e-02 2.500312539067461870e-03
6.400000000000000133e-02 9.400000000000000022e-02 3.000375046880776608e-03
4.000000000000000083e-03 1.040000000000000091e-01 2.400300037504798922e-03
1.400000000000000029e-02 1.040000000000000091e-01 2.400300037504798922e-03
2.400000000000000050e-02 1.040000000000000091e-01 2.400300037504798922e-03
3.400000000000000244e-02 1.040000000000000091e-01 2.400300037504798922e-03
4.399999999999999745e-02 1.040000000000000091e-01 2.400300037504798922e-03
5.400000000000000633e-02 1.040000000000000091e-01 2.400300037504798922e-03
6.400000000000000133e-02 1.040000000000000091e-01 3.000375046880776608e-03
7.400000000000001021e-02 1.040000000000000091e-01 3.500437554694313391e-03
4.000000000000000083e-03 1.140000000000000041e-01 1.900237529691262139e-03
1.400000000000000029e-02 1.140000000000000041e-01 1.900237529691262139e-03
2.400000000000000050e-02 1.140000000000000041e-01 1.900237529691262139e-03
3.400000000000000244e-02 1.140000000000000041e-01 1.900237529691262139e-03
4.399999999999999745e-02 1.140000000000000041e-01 1.900237529691262139e-03
5.400000000000000633e-02 1.140000000000000041e-01 1.900237529691262139e-03
6.400000000000000133e-02 1.140000000000000041e-01 2.000250031253925087e-03
7.400000000000001021e-02 1.140000000000000041e-01 2.000250031253925087e-03
8.400000000000000522e-02 1.140000000000000041e-01 2.200275034379250982e-03
4.000000000000000083e-03 1.239999999999999991e-01 1.400175021877725356e-03
1.400000000000000029e-02 1.239999999999999991e-01 1.400175021877725356e-03
2.400000000000000050e-02 1.239999999999999991e-01 1.400175021877725356e-03
3.400000000000000244e-02 1.239999999999999991e-01 1.400175021877725356e-03
4.399999999999999745e-02 1.239999999999999991e-01 1.400175021877725356e-03
5.400000000000000633e-02 1.239999999999999991e-01 1.400175021877725356e-03
6.400000000000000133e-02 1.239999999999999991e-01 1.400175021877725356e-03
7.400000000000001021e-02 1.239999999999999991e-01 1.500187523440388304e-03
8.400000000000000522e-02 1.239999999999999991e-01 1.600200025003051252e-03
9.400000000000000022e-02 1.239999999999999991e-01 1.900237529691262139e-03
4.000000000000000083e-03 1.340000000000000080e-01 1.400175021877725356e-03
1.400000000000000029e-02 1.340000000000000080e-01 1.400175021877725356e-03
2.400000000000000050e-02 1.340000000000000080e-01 1.400175021877725356e-03
3.400000000000000244e-02 1.340000000000000080e-01 1.400175021877725356e-03
4.399999999999999745e-02 1.340000000000000080e-01 1.400175021877725356e-03
5.400000000000000633e-02 1.340000000000000080e-01 1.400175021877725356e-03
6.400000000000000133e-02 1.340000000000000080e-01 1.400175021877725356e-03
7.400000000000001021e-02 1.340000000000000080e-01 1.400175021877725356e-03
8.400000000000000522e-02 1.340000000000000080e-01 1.500187523440388304e-03
9.400000000000000022e-02 1.340000000000000080e-01 1.900237529691262139e-03
1.040000000000000091e-01 1.340000000000000080e-01 2.600325040630124818e-03
4.000000000000000083e-03 1.440000000000000169e-01 1.200150018752399461e-03
1.400000000000000029e-02 1.440000000000000169e-01 1.200150018752399461e-03
2.400000000000000050e-02 1.440000000000000169e-01 1.200150018752399461e-03
3.400000000000000244e-02 1.440000000000000169e-01 1.200150018752399461e-03
4.399999999999999745e-02 1.440000000000000169e-01 1.200150018752399461e-03
5.400000000000000633e-02 1.440000000000000169e-01 1.200150018752399461e-03
6.400000000000000133e-02 1.440000000000000169e-01 1.300162520315062409e-03
7.400000000000001021e-02 1.440000000000000169e-01 1.300162520315062409e-03
8.400000000000000522e-02 1.440000000000000169e-01 1.300162520315062409e-03
9.400000000000000022e-02 1.440000000000000169e-01 1.500187523440388304e-03
1.040000000000000091e-01 1.440000000000000169e-01 1.600200025003051252e-03
1.140000000000000041e-01 1.440000000000000169e-01 1.600200025003051252e-03
4.000000000000000083e-03 1.539999999999999980e-01 1.000125015626851521e-03
1.400000000000000029e-02 1.539999999999999980e-01 1.000125015626851521e-03
2.400000000000000050e-02 1.539999999999999980e-01 1.000125015626851521e-03
3.400000000000000244e-02 1.539999999999999980e-01 1.000125015626851521e-03
4.399999999999999745e-02 1.539999999999999980e-01 1.000125015626851521e-03
5.400000000000000633e-02 1.539999999999999980e-01 1.000125015626851521e-03
6.400000000000000133e-02 1.539999999999999980e-01 1.100137517189736514e-03
7.400000000000001021e-02 1.539999999999999980e-01 1.100137517189736514e-03
8.400000000000000522e-02 1.539999999999999980e-01 1.100137517189736514e-03
9.400000000000000022e-02 1.539999999999999980e-01 1.100137517189736514e-03
1.040000000000000091e-01 1.539999999999999980e-01 1.200150018752399461e-03
1.140000000000000041e-01 1.539999999999999980e-01 1.200150018752399461e-03
1.239999999999999991e-01 1.539999999999999980e-01 1.800225028128599192e-03
4.000000000000000083e-03 1.640000000000000069e-01 1.000125015626851521e-03
1.400000000000000029e-02 1.640000000000000069e-01 1.000125015626851521e-03
2.400000000000000050e-02 1.640000000000000069e-01 1.000125015626851521e-03
3.400000000000000244e-02 1.640000000000000069e-01 1.000125015626851521e-03
4.399999999999999745e-02 1.640000000000000069e-01 1.000125015626851521e-03
5.400000000000000633e-02 1.640000000000000069e-01 1.000125015626851521e-03
6.400000000000000133e-02 1.640000000000000069e-01 1.000125015626851521e-03
7.400000000000001021e-02 1.640000000000000069e-01 1.100137517189736514e-03
8.400000000000000522e-02 1.640000000000000069e-01 1.100137517189736514e-03
9.400000000000000022e-02 1.640000000000000069e-01 1.100137517189736514e-03
1.040000000000000091e-01 1.640000000000000069e-01 1.100137517189736514e-03
1.140000000000000041e-01 1.640000000000000069e-01 1.200150018752399461e-03
1.239999999999999991e-01 1.640000000000000069e-01 1.700212526565714199e-03
1.340000000000000080e-01 1.640000000000000069e-01 2.900362545318113661e-03
1.440000000000000169e-01 1.640000000000000069e-01 2.900362545318113661e-03
4.000000000000000083e-03 1.740000000000000158e-01 1.000125015626851521e-03
1.400000000000000029e-02 1.740000000000000158e-01 1.000125015626851521e-03
2.400000000000000050e-02 1.740000000000000158e-01 1.000125015626851521e-03
3.400000000000000244e-02 1.740000000000000158e-01 1.000125015626851521e-03
4.399999999999999745e-02 1.740000000000000158e-01 1.000125015626851521e-03
5.400000000000000633e-02 1.740000000000000158e-01 1.000125015626851521e-03
6.400000000000000133e-02 1.740000000000000158e-01 1.000125015626851521e-03
7.400000000000001021e-02 1.740000000000000158e-01 1.000125015626851521e-03
8.400000000000000522e-02 1.740000000000000158e-01 1.000125015626851521e-03
9.400000000000000022e-02 1.740000000000000158e-01 1.000125015626851521e-03
1.040000000000000091e-01 1.740000000000000158e-01 1.100137517189736514e-03
1.140000000000000041e-01 1.740000000000000158e-01 1.100137517189736514e-03
1.239999999999999991e-01 1.740000000000000158e-01 1.400175021877725356e-03
1.340000000000000080e-01 1.740000000000000158e-01 1.700212526565714199e-03
1.440000000000000169e-01 1.740000000000000158e-01 1.700212526565714199e-03
1.539999999999999980e-01 1.740000000000000158e-01 2.500312539067461870e-03
4.000000000000000083e-03 1.839999999999999969e-01 nan
1.400000000000000029e-02 1.839999999999999969e-01 nan
2.400000000000000050e-02 1.839999999999999969e-01 nan
3.400000000000000244e-02 1.839999999999999969e-01 nan
4.399999999999999745e-02 1.839999999999999969e-01 nan
5.400000000000000633e-02 1.839999999999999969e-01 nan
6.400000000000000133e-02 1.839999999999999969e-01 nan
7.400000000000001021e-02 1.839999999999999969e-01 nan
8.400000000000000522e-02 1.839999999999999969e-01 9.001125140641885736e-04
9.400000000000000022e-02 1.839999999999999969e-01 9.001125140641885736e-04
1.040000000000000091e-01 1.839999999999999969e-01 9.001125140641885736e-04
1.140000000000000041e-01 1.839999999999999969e-01 9.001125140641885736e-04
1.239999999999999991e-01 1.839999999999999969e-01 1.100137517189736514e-03
1.340000000000000080e-01 1.839999999999999969e-01 1.100137517189736514e-03
1.440000000000000169e-01 1.839999999999999969e-01 1.200150018752399461e-03
1.539999999999999980e-01 1.839999999999999969e-01 1.700212526565714199e-03
4.000000000000000083e-03 1.940000000000000058e-01 8.001000125015256259e-04
1.400000000000000029e-02 1.940000000000000058e-01 8.001000125015256259e-04
2.400000000000000050e-02 1.940000000000000058e-01 8.001000125015256259e-04
3.400000000000000244e-02 1.940000000000000058e-01 8.001000125015256259e-04
4.399999999999999745e-02 1.940000000000000058e-01 8.001000125015256259e-04
5.400000000000000633e-02 1.940000000000000058e-01 8.001000125015256259e-04
6.400000000000000133e-02 1.940000000000000058e-01 8.001000125015256259e-04
7.400000000000001021e-02 1.940000000000000058e-01 8.001000125015256259e-04
8.400000000000000522e-02 1.940000000000000058e-01 nan
9.400000000000000022e-02 1.940000000000000058e-01 9.001125140641885736e-04
1.040000000000000091e-01 1.940000000000000058e-01 9.001125140641885736e-04
1.140000000000000041e-01 1.940000000000000058e-01 9.001125140641885736e-04
1.239999999999999991e-01 1.940000000000000058e-01 1.000125015626851521e-03
1.340000000000000080e-01 1.940000000000000058e-01 1.100137517189736514e-03
1.440000000000000169e-01 1.940000000000000058e-01 1.100137517189736514e-03
1.539999999999999980e-01 1.940000000000000058e-01 1.700212526565714199e-03
1.640000000000000069e-01 1.940000000000000058e-01 3.200400050006324548e-03
4.000000000000000083e-03 2.040000000000000147e-01 8.001000125015256259e-04
1.400000000000000029e-02 2.040000000000000147e-01 8.001000125015256259e-04
2.400000000000000050e-02 2.040000000000000147e-01 8.001000125015256259e-04
3.400000000000000244e-02 2.040000000000000147e-01 8.001000125015256259e-04
4.399999999999999745e-02 2.040000000000000147e-01 8.001000125015256259e-04
5.400000000000000633e-02 2.040000000000000147e-01 8.001000125015256259e-04
6.400000000000000133e-02 2.040000000000000147e-01 8.001000125015256259e-04
7.400000000000001021e-02 2.040000000000000147e-01 8.001000125015256259e-04
8.400000000000000522e-02 2.040000000000000147e-01 8.001000125015256259e-04
9.400000000000000022e-02 2.040000000000000147e-01 9.001125140641885736e-04
1.040000000000000091e-01 2.040000000000000147e-01 9.001125140641885736e-04
1.140000000000000041e-01 2.040000000000000147e-01 9.001125140641885736e-04
1.239999999999999991e-01 2.040000000000000147e-01 1.000125015626851521e-03
1.340000000000000080e-01 2.040000000000000147e-01 1.100137517189736514e-03
1.440000000000000169e-01 2.040000000000000147e-01 1.100137517189736514e-03
1.539999999999999980e-01 2.040000000000000147e-01 1.500187523440388304e-03
1.640000000000000069e-01 2.040000000000000147e-01 2.000250031253925087e-03
1.740000000000000158e-01 2.040000000000000147e-01 2.000250031253925087e-03
4.000000000000000083e-03 2.139999999999999958e-01 8.001000125015256259e-04
1.400000000000000029e-02 2.139999999999999958e-01 8.001000125015256259e-04
2.400000000000000050e-02 2.139999999999999958e-01 8.001000125015256259e-04
3.400000000000000244e-02 2.139999999999999958e-01 8.001000125015256259e-04
4.399999999999999745e-02 2.139999999999999958e-01 8.001000125015256259e-04
5.400000000000000633e-02 2.139999999999999958e-01 8.001000125015256259e-04
6.400000000000000133e-02 2.139999999999999958e-01 8.001000125015256259e-04
7.400000000000001021e-02 2.139999999999999958e-01 8.001000125015256259e-04
8.400000000000000522e-02 2.139999999999999958e-01 8.001000125015256259e-04
9.400000000000000022e-02 2.139999999999999958e-01 8.001000125015256259e-04
1.040000000000000091e-01 2.139999999999999958e-01 8.001000125015256259e-04
1.140000000000000041e-01 2.139999999999999958e-01 nan
1.239999999999999991e-01 2.139999999999999958e-01 1.000125015626851521e-03
1.340000000000000080e-01 2.139999999999999958e-01 1.000125015626851521e-03
1.440000000000000169e-01 2.139999999999999958e-01 1.000125015626851521e-03
1.539999999999999980e-01 2.139999999999999958e-01 1.200150018752399461e-03
1.640000000000000069e-01 2.139999999999999958e-01 1.400175021877725356e-03
1.740000000000000158e-01 2.139999999999999958e-01 1.400175021877725356e-03
1.839999999999999969e-01 2.139999999999999958e-01 1.900237529691262139e-03
4.000000000000000083e-03 2.240000000000000047e-01 8.001000125015256259e-04
1.400000000000000029e-02 2.240000000000000047e-01 8.001000125015256259e-04
2.400000000000000050e-02 2.240000000000000047e-01 8.001000125015256259e-04
3.400000000000000244e-02 2.240000000000000047e-01 8.001000125015256259e-04
4.399999999999999745e-02 2.240000000000000047e-01 8.001000125015256259e-04
5.400000000000000633e-02 2.240000000000000047e-01 8.001000125015256259e-04
6.400000000000000133e-02 2.240000000000000047e-01 8.001000125015256259e-04
7.400000000000001021e-02 2.240000000000000047e-01 8.001000125015256259e-04
8.400000000000000522e-02 2.240000000000000047e-01 8.001000125015256259e-04
9.400000000000000022e-02 2.240000000000000047e-01 8.001000125015256259e-04
1.040000000000000091e-01 2.240000000000000047e-01 8.001000125015256259e-04
1.140000000000000041e-01 2.240000000000000047e-01 8.001000125015256259e-04
1.239999999999999991e-01 2.240000000000000047e-01 9.001125140641885736e-04
1.340000000000000080e-01 2.240000000000000047e-01 1.000125015626851521e-03
1.440000000000000169e-01 2.240000000000000047e-01 1.000125015626851521e-03
1.539999999999999980e-01 2.240000000000000047e-01 1.200150018752399461e-03
1.640000000000000069e-01 2.240000000000000047e-01 1.200150018752399461e-03
1.740000000000000158e-01 2.240000000000000047e-01 1.300162520315062409e-03
1.839999999999999969e-01 2.240000000000000047e-01 1.800225028128599192e-03
1.940000000000000058e-01 2.240000000000000047e-01 3.900487560945187226e-03
4.000000000000000083e-03 2.340000000000000135e-01 8.001000125015256259e-04
1.400000000000000029e-02 2.340000000000000135e-01 8.001000125015256259e-04
2.400000000000000050e-02 2.340000000000000135e-01 8.001000125015256259e-04
3.400000000000000244e-02 2.340000000000000135e-01 8.001000125015256259e-04
4.399999999999999745e-02 2.340000000000000135e-01 8.001000125015256259e-04
5.400000000000000633e-02 2.340000000000000135e-01 8.001000125015256259e-04
6.400000000000000133e-02 2.340000000000000135e-01 8.001000125015256259e-04
7.400000000000001021e-02 2.340000000000000135e-01 8.001000125015256259e-04
8.400000000000000522e-02 2.340000000000000135e-01 8.001000125015256259e-04
9.400000000000000022e-02 2.340000000000000135e-01 8.001000125015256259e-04
1.040000000000000091e-01 2.340000000000000135e-01 8.001000125015256259e-04
1.140000000000000041e-01 2.340000000000000135e-01 8.001000125015256259e-04
1.239999999999999991e-01 2.340000000000000135e-01 9.001125140641885736e-04
1.340000000000000080e-01 2.340000000000000135e-01 1.000125015626851521e-03
1.440000000000000169e-01 2.340000000000000135e-01 1.000125015626851521e-03
1.539999999999999980e-01 2.340000000000000135e-01 1.200150018752399461e-03
1.640000000000000069e-01 2.340000000000000135e-01 1.200150018752399461e-03
1.740000000000000158e-01 2.340000000000000135e-01 1.300162520315062409e-03
1.839999999999999969e-01 2.340000000000000135e-01 1.700212526565714199e-03
1.940000000000000058e-01 2.340000000000000135e-01 2.900362545318113661e-03
2.040000000000000147e-01 2.340000000000000135e-01 2.900362545318113661e-03
4.000000000000000083e-03 2.439999999999999947e-01 nan
1.400000000000000029e-02 2.439999999999999947e-01 nan
2.400000000000000050e-02 2.439999999999999947e-01 nan
3.400000000000000244e-02 2.439999999999999947e-01 nan
4.399999999999999745e-02 2.439999999999999947e-01 nan
5.400000000000000633e-02 2.439999999999999947e-01 nan
6.400000000000000133e-02 2.439999999999999947e-01 nan
7.400000000000001021e-02 2.439999999999999947e-01 nan
8.400000000000000522e-02 2.439999999999999947e-01 8.001000125015256259e-04
9.400000000000000022e-02 2.439999999999999947e-01 8.001000125015256259e-04
1.040000000000000091e-01 2.439999999999999947e-01 8.001000125015256259e-04
1.140000000000000041e-01 2.439999999999999947e-01 8.001000125015256259e-04
1.239999999999999991e-01 2.439999999999999947e-01 9.001125140641885736e-04
1.340000000000000080e-01 2.439999999999999947e-01 9.001125140641885736e-04
1.440000000000000169e-01 2.439999999999999947e-01 9.001125140641885736e-04
1.539999999999999980e-01 2.439999999999999947e-01 1.100137517189736514e-03
1.640000000000000069e-01 2.439999999999999947e-01 1.200150018752399461e-03
1.740000000000000158e-01 2.439999999999999947e-01 1.200150018752399461e-03
1.839999999999999969e-01 2.439999999999999947e-01 1.500187523440388304e-03
1.940000000000000058e-01 2.439999999999999947e-01 1.900237529691262139e-03
2.040000000000000147e-01 2.439999999999999947e-01 1.900237529691262139e-03
2.139999999999999958e-01 2.439999999999999947e-01 2.500312539067461870e-03
4.000000000000000083e-03 2.540000000000000036e-01 nan
1.400000000000000029e-02 2.540000000000000036e-01 nan
2.400000000000000050e-02 2.540000000000000036e-01 nan
3.400000000000000244e-02 2.540000000000000036e-01 nan
4.399999999999999745e-02 2.540000000000000036e-01 nan
5.400000000000000633e-02 2.540000000000000036e-01 nan
6.400000000000000133e-02 2.540000000000000036e-01 nan
7.400000000000001021e-02 2.540000000000000036e-01 nan
8.400000000000000522e-02 2.540000000000000036e-01 nan
9.400000000000000022e-02 2.540000000000000036e-01 8.001000125015256259e-04
1.040000000000000091e-01 2.540000000000000036e-01 8.001000125015256259e-04
1.140000000000000041e-01 2.540000000000000036e-01 8.001000125015256259e-04
1.239999999999999991e-01 2.540000000000000036e-01 nan
1.340000000000000080e-01 2.540000000000000036e-01 9.001125140641885736e-04
1.440000000000000169e-01 2.540000000000000036e-01 9.001125140641885736e-04
1.539999999999999980e-01 2.540000000000000036e-01 1.100137517189736514e-03
1.640000000000000069e-01 2.540000000000000036e-01 1.200150018752399461e-03
1.740000000000000158e-01 2.540000000000000036e-01 1.200150018752399461e-03
1.839999999999999969e-01 2.540000000000000036e-01 1.400175021877725356e-03
1.940000000000000058e-01 2.540000000000000036e-01 1.600200025003051252e-03
2.040000000000000147e-01 2.540000000000000036e-01 1.600200025003051252e-03
2.139999999999999958e-01 2.540000000000000036e-01 2.200275034379250982e-03
2.240000000000000047e-01 2.540000000000000036e-01 4.800600075009375800e-03
4.000000000000000083e-03 2.640000000000000124e-01 nan
1.400000000000000029e-02 2.640000000000000124e-01 nan
2.400000000000000050e-02 2.640000000000000124e-01 nan
3.400000000000000244e-02 2.640000000000000124e-01 nan
4.399999999999999745e-02 2.640000000000000124e-01 nan
5.400000000000000633e-02 2.640000000000000124e-01 nan
6.400000000000000133e-02 2.640000000000000124e-01 nan
7.400000000000001021e-02 2.640000000000000124e-01 nan
8.400000000000000522e-02 2.640000000000000124e-01 nan
9.400000000000000022e-02 2.640000000000000124e-01 8.001000125015256259e-04
1.040000000000000091e-01 2.640000000000000124e-01 8.001000125015256259e-04
1.140000000000000041e-01 2.640000000000000124e-01 8.001000125015256259e-04
1.239999999999999991e-01 2.640000000000000124e-01 nan
1.340000000000000080e-01 2.640000000000000124e-01 9.001125140641885736e-04
1.440000000000000169e-01 2.640000000000000124e-01 9.001125140641885736e-04
1.539999999999999980e-01 2.640000000000000124e-01 1.100137517189736514e-03
1.640000000000000069e-01 2.640000000000000124e-01 1.200150018752399461e-03
1.740000000000000158e-01 2.640000000000000124e-01 1.200150018752399461e-03
1.839999999999999969e-01 2.640000000000000124e-01 1.400175021877725356e-03
1.940000000000000058e-01 2.640000000000000124e-01 1.600200025003051252e-03
2.040000000000000147e-01 2.640000000000000124e-01 1.600200025003051252e-03
2.139999999999999958e-01 2.640000000000000124e-01 2.200275034379250982e-03
2.240000000000000047e-01 2.640000000000000124e-01 4.300537567195839017e-03
2.340000000000000135e-01 2.640000000000000124e-01 5.000625078134701695e-03
4.000000000000000083e-03 2.740000000000000213e-01 nan
1.400000000000000029e-02 2.740000000000000213e-01 nan
2.400000000000000050e-02 2.740000000000000213e-01 nan
3.400000000000000244e-02 2.740000000000000213e-01 nan
4.399999999999999745e-02 2.740000000000000213e-01 nan
5.400000000000000633e-02 2.740000000000000213e-01 nan
6.400000000000000133e-02 2.740000000000000213e-01 nan
7.400000000000001021e-02 2.740000000000000213e-01 nan
8.400000000000000522e-02 2.740000000000000213e-01 nan
9.400000000000000022e-02 2.740000000000000213e-01 8.001000125015256259e-04
1.040000000000000091e-01 2.740000000000000213e-01 8.001000125015256259e-04
1.140000000000000041e-01 2.740000000000000213e-01 8.001000125015256259e-04
1.239999999999999991e-01 2.740000000000000213e-01 nan
1.340000000000000080e-01 2.740000000000000213e-01 9.001125140641885736e-04
1.440000000000000169e-01 2.740000000000000213e-01 9.001125140641885736e-04
1.539999999999999980e-01 2.740000000000000213e-01 1.100137517189736514e-03
1.640000000000000069e-01 2.740000000000000213e-01 1.100137517189736514e-03
1.740000000000000158e-01 2.740000000000000213e-01 1.100137517189736514e-03
1.839999999999999969e-01 2.740000000000000213e-01 1.300162520315062409e-03
1.940000000000000058e-01 2.740000000000000213e-01 1.600200025003051252e-03
2.040000000000000147e-01 2.740000000000000213e-01 1.600200025003051252e-03
2.139999999999999958e-01 2.740000000000000213e-01 2.000250031253925087e-03
2.240000000000000047e-01 2.740000000000000213e-01 2.900362545318113661e-03
2.340000000000000135e-01 2.740000000000000213e-01 2.900362545318113661e-03
2.439999999999999947e-01 2.740000000000000213e-01 3.700462557819639287e-03
4.000000000000000083e-03 2.840000000000000302e-01 7.000875109388626782e-04
1.400000000000000029e-02 2.840000000000000302e-01 7.000875109388626782e-04
2.400000000000000050e-02 2.840000000000000302e-01 7.000875109388626782e-04
3.400000000000000244e-02 2.840000000000000302e-01 7.000875109388626782e-04
4.399999999999999745e-02 2.840000000000000302e-01 7.000875109388626782e-04
5.400000000000000633e-02 2.840000000000000302e-01 7.000875109388626782e-04
6.400000000000000133e-02 2.840000000000000302e-01 7.000875109388626782e-04
7.400000000000001021e-02 2.840000000000000302e-01 7.000875109388626782e-04
8.400000000000000522e-02 2.840000000000000302e-01 nan
9.400000000000000022e-02 2.840000000000000302e-01 nan
1.040000000000000091e-01 2.840000000000000302e-01 nan
1.140000000000000041e-01 2.840000000000000302e-01 8.001000125015256259e-04
1.239999999999999991e-01 2.840000000000000302e-01 8.001000125015256259e-04
1.340000000000000080e-01 2.840000000000000302e-01 9.001125140641885736e-04
1.440000000000000169e-01 2.840000000000000302e-01 9.001125140641885736e-04
1.539999999999999980e-01 2.840000000000000302e-01 1.000125015626851521e-03
1.640000000000000069e-01 2.840000000000000302e-01 1.100137517189736514e-03
1.740000000000000158e-01 2.840000000000000302e-01 1.100137517189736514e-03
1.839999999999999969e-01 2.840000000000000302e-01 1.300162520315062409e-03
1.940000000000000058e-01 2.840000000000000302e-01 1.500187523440388304e-03
2.040000000000000147e-01 2.840000000000000302e-01 1.500187523440388304e-03
2.139999999999999958e-01 2.840000000000000302e-01 1.900237529691262139e-03
2.240000000000000047e-01 2.840000000000000302e-01 2.400300037504798922e-03
2.340000000000000135e-01 2.840000000000000302e-01 2.400300037504798922e-03
2.439999999999999947e-01 2.840000000000000302e-01 3.000375046880776608e-03
2.540000000000000036e-01 2.840000000000000302e-01 5.500687585948238478e-03
4.000000000000000083e-03 2.939999999999999836e-01 7.000875109388626782e-04
1.400000000000000029e-02 2.939999999999999836e-01 7.000875109388626782e-04
2.400000000000000050e-02 2.939999999999999836e-01 7.000875109388626782e-04
3.400000000000000244e-02 2.939999999999999836e-01 7.000875109388626782e-04
4.399999999999999745e-02 2.939999999999999836e-01 7.000875109388626782e-04
5.400000000000000633e-02 2.939999999999999836e-01 7.000875109388626782e-04
6.400000000000000133e-02 2.939999999999999836e-01 7.000875109388626782e-04
7.400000000000001021e-02 2.939999999999999836e-01 7.000875109388626782e-04
8.400000000000000522e-02 2.939999999999999836e-01 7.000875109388626782e-04
9.400000000000000022e-02 2.939999999999999836e-01 nan
1.040000000000000091e-01 2.939999999999999836e-01 nan
1.140000000000000041e-01 2.939999999999999836e-01 8.001000125015256259e-04
1.239999999999999991e-01 2.939999999999999836e-01 8.001000125015256259e-04
1.340000000000000080e-01 2.939999999999999836e-01 9.001125140641885736e-04
1.440000000000000169e-01 2.939999999999999836e-01 9.001125140641885736e-04
1.539999999999999980e-01 2.939999999999999836e-01 1.000125015626851521e-03
1.640000000000000069e-01 2.939999999999999836e-01 1.100137517189736514e-03
1.740000000000000158e-01 2.939999999999999836e-01 1.100137517189736514e-03
1.839999999999999969e-01 2.939999999999999836e-01 1.300162520315062409e-03
1.940000000000000058e-01 2.939999999999999836e-01 1.500187523440388304e-03
2.040000000000000147e-01 2.939999999999999836e-01 1.500187523440388304e-03
2.139999999999999958e-01 2.939999999999999836e-01 1.900237529691262139e-03
2.240000000000000047e-01 2.939999999999999836e-01 2.400300037504798922e-03
2.340000000000000135e-01 2.939999999999999836e-01 2.400300037504798922e-03
2.439999999999999947e-01 2.939999999999999836e-01 3.100387548443661601e-03
2.540000000000000036e-01 2.939999999999999836e-01 5.300662582822912583e-03
2.640000000000000124e-01 2.939999999999999836e-01 8.301037629703689191e-03
