# kmin, kmax, alpha [1sigma]
4.000000000000000083e-03 3.400000000000000244e-02 nan
1.400000000000000029e-02 3.400000000000000244e-02 nan
4.000000000000000083e-03 4.399999999999999745e-02 nan
1.400000000000000029e-02 4.399999999999999745e-02 nan
4.000000000000000083e-03 5.400000000000000633e-02 nan
1.400000000000000029e-02 5.400000000000000633e-02 nan
2.400000000000000050e-02 5.400000000000000633e-02 nan
4.000000000000000083e-03 6.400000000000000133e-02 nan
1.400000000000000029e-02 6.400000000000000133e-02 nan
2.400000000000000050e-02 6.400000000000000133e-02 nan
3.400000000000000244e-02 6.400000000000000133e-02 nan
4.000000000000000083e-03 7.400000000000001021e-02 nan
1.400000000000000029e-02 7.400000000000001021e-02 nan
2.400000000000000050e-02 7.400000000000001021e-02 nan
3.400000000000000244e-02 7.400000000000001021e-02 nan
4.399999999999999745e-02 7.400000000000001021e-02 nan
4.000000000000000083e-03 8.400000000000000522e-02 nan
1.400000000000000029e-02 8.400000000000000522e-02 nan
2.400000000000000050e-02 8.400000000000000522e-02 nan
3.400000000000000244e-02 8.400000000000000522e-02 nan
4.399999999999999745e-02 8.400000000000000522e-02 nan
5.400000000000000633e-02 8.400000000000000522e-02 nan
4.000000000000000083e-03 9.400000000000000022e-02 nan
1.400000000000000029e-02 9.400000000000000022e-02 nan
2.400000000000000050e-02 9.400000000000000022e-02 nan
3.400000000000000244e-02 9.400000000000000022e-02 nan
4.399999999999999745e-02 9.400000000000000022e-02 nan
5.400000000000000633e-02 9.400000000000000022e-02 nan
6.400000000000000133e-02 9.400000000000000022e-02 nan
4.000000000000000083e-03 1.040000000000000091e-01 nan
1.400000000000000029e-02 1.040000000000000091e-01 nan
2.400000000000000050e-02 1.040000000000000091e-01 nan
3.400000000000000244e-02 1.040000000000000091e-01 nan
4.399999999999999745e-02 1.040000000000000091e-01 nan
5.400000000000000633e-02 1.040000000000000091e-01 nan
6.400000000000000133e-02 1.040000000000000091e-01 nan
7.400000000000001021e-02 1.040000000000000091e-01 nan
4.000000000000000083e-03 1.140000000000000041e-01 nan
1.400000000000000029e-02 1.140000000000000041e-01 nan
2.400000000000000050e-02 1.140000000000000041e-01 nan
3.400000000000000244e-02 1.140000000000000041e-01 nan
4.399999999999999745e-02 1.140000000000000041e-01 nan
5.400000000000000633e-02 1.140000000000000041e-01 nan
6.400000000000000133e-02 1.140000000000000041e-01 nan
7.400000000000001021e-02 1.140000000000000041e-01 nan
8.400000000000000522e-02 1.140000000000000041e-01 nan
4.000000000000000083e-03 1.239999999999999991e-01 nan
1.400000000000000029e-02 1.239999999999999991e-01 nan
2.400000000000000050e-02 1.239999999999999991e-01 nan
3.400000000000000244e-02 1.239999999999999991e-01 nan
4.399999999999999745e-02 1.239999999999999991e-01 nan
5.400000000000000633e-02 1.239999999999999991e-01 nan
6.400000000000000133e-02 1.239999999999999991e-01 1.565195649456181393e-01
7.400000000000001021e-02 1.239999999999999991e-01 nan
8.400000000000000522e-02 1.239999999999999991e-01 nan
9.400000000000000022e-02 1.239999999999999991e-01 nan
4.000000000000000083e-03 1.340000000000000080e-01 nan
1.400000000000000029e-02 1.340000000000000080e-01 nan
2.400000000000000050e-02 1.340000000000000080e-01 nan
3.400000000000000244e-02 1.340000000000000080e-01 nan
4.399999999999999745e-02 1.340000000000000080e-01 nan
5.400000000000000633e-02 1.340000000000000080e-01 nan
6.400000000000000133e-02 1.340000000000000080e-01 nan
7.400000000000001021e-02 1.340000000000000080e-01 6.270783847980987424e-02
8.400000000000000522e-02 1.340000000000000080e-01 nan
9.400000000000000022e-02 1.340000000000000080e-01 nan
1.040000000000000091e-01 1.340000000000000080e-01 nan
4.000000000000000083e-03 1.440000000000000169e-01 nan
1.400000000000000029e-02 1.440000000000000169e-01 nan
2.400000000000000050e-02 1.440000000000000169e-01 nan
3.400000000000000244e-02 1.440000000000000169e-01 nan
4.399999999999999745e-02 1.440000000000000169e-01 nan
5.400000000000000633e-02 1.440000000000000169e-01 nan
6.400000000000000133e-02 1.440000000000000169e-01 nan
7.400000000000001021e-02 1.440000000000000169e-01 2.210276284535561686e-02
8.400000000000000522e-02 1.440000000000000169e-01 2.315289411176397749e-01
9.400000000000000022e-02 1.440000000000000169e-01 nan
1.040000000000000091e-01 1.440000000000000169e-01 nan
1.140000000000000041e-01 1.440000000000000169e-01 nan
4.000000000000000083e-03 1.539999999999999980e-01 nan
1.400000000000000029e-02 1.539999999999999980e-01 nan
2.400000000000000050e-02 1.539999999999999980e-01 nan
3.400000000000000244e-02 1.539999999999999980e-01 nan
4.399999999999999745e-02 1.539999999999999980e-01 nan
5.400000000000000633e-02 1.539999999999999980e-01 nan
6.400000000000000133e-02 1.539999999999999980e-01 nan
7.400000000000001021e-02 1.539999999999999980e-01 nan
8.400000000000000522e-02 1.539999999999999980e-01 5.320665083135400764e-02
9.400000000000000022e-02 1.539999999999999980e-01 2.077259657457182218e-01
1.040000000000000091e-01 1.539999999999999980e-01 nan
1.140000000000000041e-01 1.539999999999999980e-01 nan
1.239999999999999991e-01 1.539999999999999980e-01 nan
4.000000000000000083e-03 1.640000000000000069e-01 nan
1.400000000000000029e-02 1.640000000000000069e-01 nan
2.400000000000000050e-02 1.640000000000000069e-01 nan
3.400000000000000244e-02 1.640000000000000069e-01 nan
4.399999999999999745e-02 1.640000000000000069e-01 nan
5.400000000000000633e-02 1.640000000000000069e-01 nan
6.400000000000000133e-02 1.640000000000000069e-01 nan
7.400000000000001021e-02 1.640000000000000069e-01 nan
8.400000000000000522e-02 1.640000000000000069e-01 1.210151268908621347e-02
9.400000000000000022e-02 1.640000000000000069e-01 6.920865108138518629e-02
1.040000000000000091e-01 1.640000000000000069e-01 1.901237654706837699e-01
1.140000000000000041e-01 1.640000000000000069e-01 nan
1.239999999999999991e-01 1.640000000000000069e-01 nan
1.340000000000000080e-01 1.640000000000000069e-01 nan
1.440000000000000169e-01 1.640000000000000069e-01 nan
4.000000000000000083e-03 1.740000000000000158e-01 nan
1.400000000000000029e-02 1.740000000000000158e-01 nan
2.400000000000000050e-02 1.740000000000000158e-01 nan
3.400000000000000244e-02 1.740000000000000158e-01 nan
4.399999999999999745e-02 1.740000000000000158e-01 nan
5.400000000000000633e-02 1.740000000000000158e-01 nan
6.400000000000000133e-02 1.740000000000000158e-01 nan
7.400000000000001021e-02 1.740000000000000158e-01 nan
8.400000000000000522e-02 1.740000000000000158e-01 nan
9.400000000000000022e-02 1.740000000000000158e-01 2.500312539067373052e-02
1.040000000000000091e-01 1.740000000000000158e-01 4.880610076259528363e-02
1.140000000000000041e-01 1.740000000000000158e-01 nan
1.239999999999999991e-01 1.740000000000000158e-01 nan
1.340000000000000080e-01 1.740000000000000158e-01 nan
1.440000000000000169e-01 1.740000000000000158e-01 nan
1.539999999999999980e-01 1.740000000000000158e-01 nan
4.000000000000000083e-03 1.839999999999999969e-01 nan
1.400000000000000029e-02 1.839999999999999969e-01 nan
2.400000000000000050e-02 1.839999999999999969e-01 nan
3.400000000000000244e-02 1.839999999999999969e-01 nan
4.399999999999999745e-02 1.839999999999999969e-01 nan
5.400000000000000633e-02 1.839999999999999969e-01 nan
6.400000000000000133e-02 1.839999999999999969e-01 nan
7.400000000000001021e-02 1.839999999999999969e-01 nan
8.400000000000000522e-02 1.839999999999999969e-01 nan
9.400000000000000022e-02 1.839999999999999969e-01 1.140142517814735079e-02
1.040000000000000091e-01 1.839999999999999969e-01 2.030253781722723971e-02
1.140000000000000041e-01 1.839999999999999969e-01 8.331041380172532484e-02
1.239999999999999991e-01 1.839999999999999969e-01 2.067258407300913703e-01
1.340000000000000080e-01 1.839999999999999969e-01 nan
1.440000000000000169e-01 1.839999999999999969e-01 nan
1.539999999999999980e-01 1.839999999999999969e-01 nan
4.000000000000000083e-03 1.940000000000000058e-01 nan
1.400000000000000029e-02 1.940000000000000058e-01 nan
2.400000000000000050e-02 1.940000000000000058e-01 nan
3.400000000000000244e-02 1.940000000000000058e-01 nan
4.399999999999999745e-02 1.940000000000000058e-01 nan
5.400000000000000633e-02 1.940000000000000058e-01 nan
6.400000000000000133e-02 1.940000000000000058e-01 nan
7.400000000000001021e-02 1.940000000000000058e-01 nan
8.400000000000000522e-02 1.940000000000000058e-01 nan
9.400000000000000022e-02 1.940000000000000058e-01 nan
1.040000000000000091e-01 1.940000000000000058e-01 9.101137642205214817e-03
1.140000000000000041e-01 1.940000000000000058e-01 1.760220027503445195e-02
1.239999999999999991e-01 1.940000000000000058e-01 9.581197649706219011e-02
1.340000000000000080e-01 1.940000000000000058e-01 1.231153894236780566e-01
1.440000000000000169e-01 1.940000000000000058e-01 nan
1.539999999999999980e-01 1.940000000000000058e-01 nan
1.640000000000000069e-01 1.940000000000000058e-01 nan
4.000000000000000083e-03 2.040000000000000147e-01 nan
1.400000000000000029e-02 2.040000000000000147e-01 nan
2.400000000000000050e-02 2.040000000000000147e-01 nan
3.400000000000000244e-02 2.040000000000000147e-01 nan
4.399999999999999745e-02 2.040000000000000147e-01 nan
5.400000000000000633e-02 2.040000000000000147e-01 nan
6.400000000000000133e-02 2.040000000000000147e-01 nan
7.400000000000001021e-02 2.040000000000000147e-01 nan
8.400000000000000522e-02 2.040000000000000147e-01 nan
9.400000000000000022e-02 2.040000000000000147e-01 nan
1.040000000000000091e-01 2.040000000000000147e-01 5.300662582822912583e-03
1.140000000000000041e-01 2.040000000000000147e-01 1.030128766095761428e-02
1.239999999999999991e-01 2.040000000000000147e-01 3.210401300162524230e-02
1.340000000000000080e-01 2.040000000000000147e-01 5.140642580322540844e-02
1.440000000000000169e-01 2.040000000000000147e-01 nan
1.539999999999999980e-01 2.040000000000000147e-01 nan
1.640000000000000069e-01 2.040000000000000147e-01 nan
1.740000000000000158e-01 2.040000000000000147e-01 nan
4.000000000000000083e-03 2.139999999999999958e-01 nan
1.400000000000000029e-02 2.139999999999999958e-01 nan
2.400000000000000050e-02 2.139999999999999958e-01 nan
3.400000000000000244e-02 2.139999999999999958e-01 nan
4.399999999999999745e-02 2.139999999999999958e-01 nan
5.400000000000000633e-02 2.139999999999999958e-01 nan
6.400000000000000133e-02 2.139999999999999958e-01 nan
7.400000000000001021e-02 2.139999999999999958e-01 nan
8.400000000000000522e-02 2.139999999999999958e-01 nan
9.400000000000000022e-02 2.139999999999999958e-01 nan
1.040000000000000091e-01 2.139999999999999958e-01 nan
1.140000000000000041e-01 2.139999999999999958e-01 5.800725090636227321e-03
1.239999999999999991e-01 2.139999999999999958e-01 1.490186273284166418e-02
1.340000000000000080e-01 2.139999999999999958e-01 2.550318789848726730e-02
1.440000000000000169e-01 2.139999999999999958e-01 4.800600075009375800e-02
1.539999999999999980e-01 2.139999999999999958e-01 1.423177897237155598e-01
1.640000000000000069e-01 2.139999999999999958e-01 nan
1.740000000000000158e-01 2.139999999999999958e-01 nan
1.839999999999999969e-01 2.139999999999999958e-01 nan
4.000000000000000083e-03 2.240000000000000047e-01 nan
1.400000000000000029e-02 2.240000000000000047e-01 nan
2.400000000000000050e-02 2.240000000000000047e-01 nan
3.400000000000000244e-02 2.240000000000000047e-01 nan
4.399999999999999745e-02 2.240000000000000047e-01 nan
5.400000000000000633e-02 2.240000000000000047e-01 nan
6.400000000000000133e-02 2.240000000000000047e-01 nan
7.400000000000001021e-02 2.240000000000000047e-01 nan
8.400000000000000522e-02 2.240000000000000047e-01 nan
9.400000000000000022e-02 2.240000000000000047e-01 nan
1.040000000000000091e-01 2.240000000000000047e-01 nan
1.140000000000000041e-01 2.240000000000000047e-01 nan
1.239999999999999991e-01 2.240000000000000047e-01 9.101137642205214817e-03
1.340000000000000080e-01 2.240000000000000047e-01 1.450181272659079035e-02
1.440000000000000169e-01 2.240000000000000047e-01 2.610326290786346703e-02
1.539999999999999980e-01 2.240000000000000047e-01 4.940617577197148336e-02
1.640000000000000069e-01 2.240000000000000047e-01 8.021002625328166324e-02
1.740000000000000158e-01 2.240000000000000047e-01 nan
1.839999999999999969e-01 2.240000000000000047e-01 nan
1.940000000000000058e-01 2.240000000000000047e-01 nan
4.000000000000000083e-03 2.340000000000000135e-01 nan
1.400000000000000029e-02 2.340000000000000135e-01 nan
2.400000000000000050e-02 2.340000000000000135e-01 nan
3.400000000000000244e-02 2.340000000000000135e-01 nan
4.399999999999999745e-02 2.340000000000000135e-01 nan
5.400000000000000633e-02 2.340000000000000135e-01 nan
6.400000000000000133e-02 2.340000000000000135e-01 nan
7.400000000000001021e-02 2.340000000000000135e-01 nan
8.400000000000000522e-02 2.340000000000000135e-01 nan
9.400000000000000022e-02 2.340000000000000135e-01 nan
1.040000000000000091e-01 2.340000000000000135e-01 nan
1.140000000000000041e-01 2.340000000000000135e-01 nan
1.239999999999999991e-01 2.340000000000000135e-01 nan
1.340000000000000080e-01 2.340000000000000135e-01 nan
1.440000000000000169e-01 2.340000000000000135e-01 1.370171271408926472e-02
1.539999999999999980e-01 2.340000000000000135e-01 2.860357544693092890e-02
1.640000000000000069e-01 2.340000000000000135e-01 4.440555069383678166e-02
1.740000000000000158e-01 2.340000000000000135e-01 5.210651331416427112e-02
1.839999999999999969e-01 2.340000000000000135e-01 nan
1.940000000000000058e-01 2.340000000000000135e-01 nan
2.040000000000000147e-01 2.340000000000000135e-01 nan
4.000000000000000083e-03 2.439999999999999947e-01 nan
1.400000000000000029e-02 2.439999999999999947e-01 nan
2.400000000000000050e-02 2.439999999999999947e-01 nan
3.400000000000000244e-02 2.439999999999999947e-01 nan
4.399999999999999745e-02 2.439999999999999947e-01 nan
5.400000000000000633e-02 2.439999999999999947e-01 nan
6.400000000000000133e-02 2.439999999999999947e-01 nan
7.400000000000001021e-02 2.439999999999999947e-01 nan
8.400000000000000522e-02 2.439999999999999947e-01 nan
9.400000000000000022e-02 2.439999999999999947e-01 nan
1.040000000000000091e-01 2.439999999999999947e-01 nan
1.140000000000000041e-01 2.439999999999999947e-01 nan
1.239999999999999991e-01 2.439999999999999947e-01 nan
1.340000000000000080e-01 2.439999999999999947e-01 nan
1.440000000000000169e-01 2.439999999999999947e-01 nan
1.539999999999999980e-01 2.439999999999999947e-01 1.860232529066130347e-02
1.640000000000000069e-01 2.439999999999999947e-01 2.900362545318158070e-02
1.740000000000000158e-01 2.439999999999999947e-01 3.690461307663461810e-02
1.839999999999999969e-01 2.439999999999999947e-01 8.121015126890851477e-02
1.940000000000000058e-01 2.439999999999999947e-01 8.781097637204648976e-02
2.040000000000000147e-01 2.439999999999999947e-01 nan
2.139999999999999958e-01 2.439999999999999947e-01 nan
4.000000000000000083e-03 2.540000000000000036e-01 nan
1.400000000000000029e-02 2.540000000000000036e-01 nan
2.400000000000000050e-02 2.540000000000000036e-01 nan
3.400000000000000244e-02 2.540000000000000036e-01 nan
4.399999999999999745e-02 2.540000000000000036e-01 nan
5.400000000000000633e-02 2.540000000000000036e-01 nan
6.400000000000000133e-02 2.540000000000000036e-01 nan
7.400000000000001021e-02 2.540000000000000036e-01 nan
8.400000000000000522e-02 2.540000000000000036e-01 nan
9.400000000000000022e-02 2.540000000000000036e-01 nan
1.040000000000000091e-01 2.540000000000000036e-01 nan
1.140000000000000041e-01 2.540000000000000036e-01 nan
1.239999999999999991e-01 2.540000000000000036e-01 nan
1.340000000000000080e-01 2.540000000000000036e-01 nan
1.440000000000000169e-01 2.540000000000000036e-01 nan
1.539999999999999980e-01 2.540000000000000036e-01 nan
1.640000000000000069e-01 2.540000000000000036e-01 nan
1.740000000000000158e-01 2.540000000000000036e-01 1.790223777972244079e-02
1.839999999999999969e-01 2.540000000000000036e-01 3.020377547193398016e-02
1.940000000000000058e-01 2.540000000000000036e-01 3.750468808601081783e-02
2.040000000000000147e-01 2.540000000000000036e-01 6.430803850481314754e-02
2.139999999999999958e-01 2.540000000000000036e-01 nan
2.240000000000000047e-01 2.540000000000000036e-01 nan
4.000000000000000083e-03 2.640000000000000124e-01 nan
1.400000000000000029e-02 2.640000000000000124e-01 nan
2.400000000000000050e-02 2.640000000000000124e-01 nan
3.400000000000000244e-02 2.640000000000000124e-01 nan
4.399999999999999745e-02 2.640000000000000124e-01 nan
5.400000000000000633e-02 2.640000000000000124e-01 nan
6.400000000000000133e-02 2.640000000000000124e-01 nan
7.400000000000001021e-02 2.640000000000000124e-01 nan
8.400000000000000522e-02 2.640000000000000124e-01 nan
9.400000000000000022e-02 2.640000000000000124e-01 nan
1.040000000000000091e-01 2.640000000000000124e-01 nan
1.140000000000000041e-01 2.640000000000000124e-01 nan
1.239999999999999991e-01 2.640000000000000124e-01 nan
1.340000000000000080e-01 2.640000000000000124e-01 nan
1.440000000000000169e-01 2.640000000000000124e-01 nan
1.539999999999999980e-01 2.640000000000000124e-01 nan
1.640000000000000069e-01 2.640000000000000124e-01 nan
1.740000000000000158e-01 2.640000000000000124e-01 nan
1.839999999999999969e-01 2.640000000000000124e-01 1.370171271408926472e-02
1.940000000000000058e-01 2.640000000000000124e-01 1.490186273284166418e-02
2.040000000000000147e-01 2.640000000000000124e-01 2.130266283285409123e-02
2.139999999999999958e-01 2.640000000000000124e-01 3.490436304538069301e-02
2.240000000000000047e-01 2.640000000000000124e-01 nan
2.340000000000000135e-01 2.640000000000000124e-01 nan
4.000000000000000083e-03 2.740000000000000213e-01 nan
1.400000000000000029e-02 2.740000000000000213e-01 nan
2.400000000000000050e-02 2.740000000000000213e-01 nan
3.400000000000000244e-02 2.740000000000000213e-01 nan
4.399999999999999745e-02 2.740000000000000213e-01 nan
5.400000000000000633e-02 2.740000000000000213e-01 nan
6.400000000000000133e-02 2.740000000000000213e-01 nan
7.400000000000001021e-02 2.740000000000000213e-01 nan
8.400000000000000522e-02 2.740000000000000213e-01 nan
9.400000000000000022e-02 2.740000000000000213e-01 nan
1.040000000000000091e-01 2.740000000000000213e-01 nan
1.140000000000000041e-01 2.740000000000000213e-01 nan
1.239999999999999991e-01 2.740000000000000213e-01 nan
1.340000000000000080e-01 2.740000000000000213e-01 nan
1.440000000000000169e-01 2.740000000000000213e-01 nan
1.539999999999999980e-01 2.740000000000000213e-01 nan
1.640000000000000069e-01 2.740000000000000213e-01 nan
1.740000000000000158e-01 2.740000000000000213e-01 nan
1.839999999999999969e-01 2.740000000000000213e-01 nan
1.940000000000000058e-01 2.740000000000000213e-01 1.070133766720848811e-02
2.040000000000000147e-01 2.740000000000000213e-01 1.430178772346546445e-02
2.139999999999999958e-01 2.740000000000000213e-01 2.380297537192155310e-02
2.240000000000000047e-01 2.740000000000000213e-01 4.520565070633830729e-02
2.340000000000000135e-01 2.740000000000000213e-01 nan
2.439999999999999947e-01 2.740000000000000213e-01 nan
4.000000000000000083e-03 2.840000000000000302e-01 nan
1.400000000000000029e-02 2.840000000000000302e-01 nan
2.400000000000000050e-02 2.840000000000000302e-01 nan
3.400000000000000244e-02 2.840000000000000302e-01 nan
4.399999999999999745e-02 2.840000000000000302e-01 nan
5.400000000000000633e-02 2.840000000000000302e-01 nan
6.400000000000000133e-02 2.840000000000000302e-01 nan
7.400000000000001021e-02 2.840000000000000302e-01 nan
8.400000000000000522e-02 2.840000000000000302e-01 nan
9.400000000000000022e-02 2.840000000000000302e-01 nan
1.040000000000000091e-01 2.840000000000000302e-01 nan
1.140000000000000041e-01 2.840000000000000302e-01 nan
1.239999999999999991e-01 2.840000000000000302e-01 nan
1.340000000000000080e-01 2.840000000000000302e-01 nan
1.440000000000000169e-01 2.840000000000000302e-01 nan
1.539999999999999980e-01 2.840000000000000302e-01 nan
1.640000000000000069e-01 2.840000000000000302e-01 nan
1.740000000000000158e-01 2.840000000000000302e-01 nan
1.839999999999999969e-01 2.840000000000000302e-01 nan
1.940000000000000058e-01 2.840000000000000302e-01 nan
2.040000000000000147e-01 2.840000000000000302e-01 1.180147518439800258e-02
2.139999999999999958e-01 2.840000000000000302e-01 1.760220027503445195e-02
2.240000000000000047e-01 2.840000000000000302e-01 2.880360045005625480e-02
2.340000000000000135e-01 2.840000000000000302e-01 nan
2.439999999999999947e-01 2.840000000000000302e-01 nan
2.540000000000000036e-01 2.840000000000000302e-01 nan
4.000000000000000083e-03 2.939999999999999836e-01 nan
1.400000000000000029e-02 2.939999999999999836e-01 nan
2.400000000000000050e-02 2.939999999999999836e-01 nan
3.400000000000000244e-02 2.939999999999999836e-01 nan
4.399999999999999745e-02 2.939999999999999836e-01 nan
5.400000000000000633e-02 2.939999999999999836e-01 nan
6.400000000000000133e-02 2.939999999999999836e-01 nan
7.400000000000001021e-02 2.939999999999999836e-01 nan
8.400000000000000522e-02 2.939999999999999836e-01 nan
9.400000000000000022e-02 2.939999999999999836e-01 nan
1.040000000000000091e-01 2.939999999999999836e-01 nan
1.140000000000000041e-01 2.939999999999999836e-01 nan
1.239999999999999991e-01 2.939999999999999836e-01 nan
1.340000000000000080e-01 2.939999999999999836e-01 nan
1.440000000000000169e-01 2.939999999999999836e-01 nan
1.539999999999999980e-01 2.939999999999999836e-01 nan
1.640000000000000069e-01 2.939999999999999836e-01 nan
1.740000000000000158e-01 2.939999999999999836e-01 nan
1.839999999999999969e-01 2.939999999999999836e-01 nan
1.940000000000000058e-01 2.939999999999999836e-01 nan
2.040000000000000147e-01 2.939999999999999836e-01 nan
2.139999999999999958e-01 2.939999999999999836e-01 nan
2.240000000000000047e-01 2.939999999999999836e-01 1.310163770471306499e-02
2.340000000000000135e-01 2.939999999999999836e-01 2.490311288911106757e-02
2.439999999999999947e-01 2.939999999999999836e-01 nan
2.540000000000000036e-01 2.939999999999999836e-01 nan
2.640000000000000124e-01 2.939999999999999836e-01 nan
