# kmin, kmax, alpha [1sigma]
4.000000000000000083e-03 3.400000000000000244e-02 nan
1.400000000000000029e-02 3.400000000000000244e-02 nan
4.000000000000000083e-03 4.399999999999999745e-02 nan
1.400000000000000029e-02 4.399999999999999745e-02 nan
4.000000000000000083e-03 5.400000000000000633e-02 nan
1.400000000000000029e-02 5.400000000000000633e-02 nan
2.400000000000000050e-02 5.400000000000000633e-02 nan
4.000000000000000083e-03 6.400000000000000133e-02 nan
1.400000000000000029e-02 6.400000000000000133e-02 nan
2.400000000000000050e-02 6.400000000000000133e-02 nan
3.400000000000000244e-02 6.400000000000000133e-02 6.600825103137886174e-02
4.000000000000000083e-03 7.400000000000001021e-02 nan
1.400000000000000029e-02 7.400000000000001021e-02 nan
2.400000000000000050e-02 7.400000000000001021e-02 nan
3.400000000000000244e-02 7.400000000000001021e-02 nan
4.399999999999999745e-02 7.400000000000001021e-02 7.590948868608582423e-02
4.000000000000000083e-03 8.400000000000000522e-02 nan
1.400000000000000029e-02 8.400000000000000522e-02 nan
2.400000000000000050e-02 8.400000000000000522e-02 nan
3.400000000000000244e-02 8.400000000000000522e-02 nan
4.399999999999999745e-02 8.400000000000000522e-02 2.240280035004382775e-02
5.400000000000000633e-02 8.400000000000000522e-02 3.130391298912371667e-02
4.000000000000000083e-03 9.400000000000000022e-02 nan
1.400000000000000029e-02 9.400000000000000022e-02 nan
2.400000000000000050e-02 9.400000000000000022e-02 nan
3.400000000000000244e-02 9.400000000000000022e-02 nan
4.399999999999999745e-02 9.400000000000000022e-02 nan
5.400000000000000633e-02 9.400000000000000022e-02 1.570196274534318981e-02
6.400000000000000133e-02 9.400000000000000022e-02 9.121140142517814020e-02
4.000000000000000083e-03 1.040000000000000091e-01 nan
1.400000000000000029e-02 1.040000000000000091e-01 nan
2.400000000000000050e-02 1.040000000000000091e-01 nan
3.400000000000000244e-02 1.040000000000000091e-01 nan
4.399999999999999745e-02 1.040000000000000091e-01 nan
5.400000000000000633e-02 1.040000000000000091e-01 9.901237654706740443e-03
6.400000000000000133e-02 1.040000000000000091e-01 3.310413801725209382e-02
7.400000000000001021e-02 1.040000000000000091e-01 6.060757594699328621e-02
4.000000000000000083e-03 1.140000000000000041e-01 nan
1.400000000000000029e-02 1.140000000000000041e-01 nan
2.400000000000000050e-02 1.140000000000000041e-01 nan
3.400000000000000244e-02 1.140000000000000041e-01 nan
4.399999999999999745e-02 1.140000000000000041e-01 nan
5.400000000000000633e-02 1.140000000000000041e-01 nan
6.400000000000000133e-02 1.140000000000000041e-01 1.270158769846241320e-02
7.400000000000001021e-02 1.140000000000000041e-01 1.480185023127900124e-02
8.400000000000000522e-02 1.140000000000000041e-01 2.880360045005625480e-02
4.000000000000000083e-03 1.239999999999999991e-01 nan
1.400000000000000029e-02 1.239999999999999991e-01 nan
2.400000000000000050e-02 1.239999999999999991e-01 nan
3.400000000000000244e-02 1.239999999999999991e-01 nan
4.399999999999999745e-02 1.239999999999999991e-01 nan
5.400000000000000633e-02 1.239999999999999991e-01 nan
6.400000000000000133e-02 1.239999999999999991e-01 7.200900112514174722e-03
7.400000000000001021e-02 1.239999999999999991e-01 7.900987623453037401e-03
8.400000000000000522e-02 1.239999999999999991e-01 1.370171271408926472e-02
9.400000000000000022e-02 1.239999999999999991e-01 4.740592574071755827e-02
4.000000000000000083e-03 1.340000000000000080e-01 nan
1.400000000000000029e-02 1.340000000000000080e-01 nan
2.400000000000000050e-02 1.340000000000000080e-01 nan
3.400000000000000244e-02 1.340000000000000080e-01 nan
4.399999999999999745e-02 1.340000000000000080e-01 nan
5.400000000000000633e-02 1.340000000000000080e-01 nan
6.400000000000000133e-02 1.340000000000000080e-01 nan
7.400000000000001021e-02 1.340000000000000080e-01 6.200775096887101157e-03
8.400000000000000522e-02 1.340000000000000080e-01 1.000125015626962544e-02
9.400000000000000022e-02 1.340000000000000080e-01 3.630453806725841837e-02
1.040000000000000091e-01 1.340000000000000080e-01 5.420677584698085916e-02
4.000000000000000083e-03 1.440000000000000169e-01 nan
1.400000000000000029e-02 1.440000000000000169e-01 nan
2.400000000000000050e-02 1.440000000000000169e-01 nan
3.400000000000000244e-02 1.440000000000000169e-01 nan
4.399999999999999745e-02 1.440000000000000169e-01 nan
5.400000000000000633e-02 1.440000000000000169e-01 nan
6.400000000000000133e-02 1.440000000000000169e-01 nan
7.400000000000001021e-02 1.440000000000000169e-01 4.700587573446712852e-03
8.400000000000000522e-02 1.440000000000000169e-01 7.700962620327489461e-03
9.400000000000000022e-02 1.440000000000000169e-01 1.800225028128510374e-02
1.040000000000000091e-01 1.440000000000000169e-01 2.460307538442307873e-02
1.140000000000000041e-01 1.440000000000000169e-01 3.930491311413919497e-02
4.000000000000000083e-03 1.539999999999999980e-01 nan
1.400000000000000029e-02 1.539999999999999980e-01 nan
2.400000000000000050e-02 1.539999999999999980e-01 nan
3.400000000000000244e-02 1.539999999999999980e-01 nan
4.399999999999999745e-02 1.539999999999999980e-01 nan
5.400000000000000633e-02 1.539999999999999980e-01 nan
6.400000000000000133e-02 1.539999999999999980e-01 nan
7.400000000000001021e-02 1.539999999999999980e-01 nan
8.400000000000000522e-02 1.539999999999999980e-01 5.700712589073564374e-03
9.400000000000000022e-02 1.539999999999999980e-01 9.001125140642551870e-03
1.040000000000000091e-01 1.539999999999999980e-01 1.060132516564560312e-02
1.140000000000000041e-01 1.539999999999999980e-01 1.740217527190890401e-02
1.239999999999999991e-01 1.539999999999999980e-01 4.110513814226779417e-02
4.000000000000000083e-03 1.640000000000000069e-01 nan
1.400000000000000029e-02 1.640000000000000069e-01 nan
2.400000000000000050e-02 1.640000000000000069e-01 nan
3.400000000000000244e-02 1.640000000000000069e-01 nan
4.399999999999999745e-02 1.640000000000000069e-01 nan
5.400000000000000633e-02 1.640000000000000069e-01 nan
6.400000000000000133e-02 1.640000000000000069e-01 nan
7.400000000000001021e-02 1.640000000000000069e-01 nan
8.400000000000000522e-02 1.640000000000000069e-01 nan
9.400000000000000022e-02 1.640000000000000069e-01 6.000750093761775261e-03
1.040000000000000091e-01 1.640000000000000069e-01 6.900862607825963835e-03
1.140000000000000041e-01 1.640000000000000069e-01 9.401175146893425705e-03
1.239999999999999991e-01 1.640000000000000069e-01 2.570321290161259320e-02
1.340000000000000080e-01 1.640000000000000069e-01 4.000500062507805765e-02
1.440000000000000169e-01 1.640000000000000069e-01 nan
4.000000000000000083e-03 1.740000000000000158e-01 nan
1.400000000000000029e-02 1.740000000000000158e-01 nan
2.400000000000000050e-02 1.740000000000000158e-01 nan
3.400000000000000244e-02 1.740000000000000158e-01 nan
4.399999999999999745e-02 1.740000000000000158e-01 nan
5.400000000000000633e-02 1.740000000000000158e-01 nan
6.400000000000000133e-02 1.740000000000000158e-01 nan
7.400000000000001021e-02 1.740000000000000158e-01 nan
8.400000000000000522e-02 1.740000000000000158e-01 nan
9.400000000000000022e-02 1.740000000000000158e-01 nan
1.040000000000000091e-01 1.740000000000000158e-01 5.200650081260249635e-03
1.140000000000000041e-01 1.740000000000000158e-01 6.700837604700637939e-03
1.239999999999999991e-01 1.740000000000000158e-01 1.360170021252660177e-02
1.340000000000000080e-01 1.740000000000000158e-01 1.660207525940737838e-02
1.440000000000000169e-01 1.740000000000000158e-01 2.910363795474424364e-02
1.539999999999999980e-01 1.740000000000000158e-01 1.478184773096637983e-01
4.000000000000000083e-03 1.839999999999999969e-01 nan
1.400000000000000029e-02 1.839999999999999969e-01 nan
2.400000000000000050e-02 1.839999999999999969e-01 nan
3.400000000000000244e-02 1.839999999999999969e-01 nan
4.399999999999999745e-02 1.839999999999999969e-01 nan
5.400000000000000633e-02 1.839999999999999969e-01 nan
6.400000000000000133e-02 1.839999999999999969e-01 nan
7.400000000000001021e-02 1.839999999999999969e-01 nan
8.400000000000000522e-02 1.839999999999999969e-01 nan
9.400000000000000022e-02 1.839999999999999969e-01 nan
1.040000000000000091e-01 1.839999999999999969e-01 nan
1.140000000000000041e-01 1.839999999999999969e-01 5.600700087510901426e-03
1.239999999999999991e-01 1.839999999999999969e-01 9.801225153144077495e-03
1.340000000000000080e-01 1.839999999999999969e-01 1.230153769221153937e-02
1.440000000000000169e-01 1.839999999999999969e-01 2.130266283285409123e-02
1.539999999999999980e-01 1.839999999999999969e-01 5.240655081885225997e-02
4.000000000000000083e-03 1.940000000000000058e-01 nan
1.400000000000000029e-02 1.940000000000000058e-01 nan
2.400000000000000050e-02 1.940000000000000058e-01 nan
3.400000000000000244e-02 1.940000000000000058e-01 nan
4.399999999999999745e-02 1.940000000000000058e-01 nan
5.400000000000000633e-02 1.940000000000000058e-01 nan
6.400000000000000133e-02 1.940000000000000058e-01 nan
7.400000000000001021e-02 1.940000000000000058e-01 nan
8.400000000000000522e-02 1.940000000000000058e-01 nan
9.400000000000000022e-02 1.940000000000000058e-01 nan
1.040000000000000091e-01 1.940000000000000058e-01 nan
1.140000000000000041e-01 1.940000000000000058e-01 nan
1.239999999999999991e-01 1.940000000000000058e-01 7.100887610951289730e-03
1.340000000000000080e-01 1.940000000000000058e-01 8.301037629703689191e-03
1.440000000000000169e-01 1.940000000000000058e-01 1.250156269533686526e-02
1.539999999999999980e-01 1.940000000000000058e-01 2.570321290161259320e-02
1.640000000000000069e-01 1.940000000000000058e-01 3.900487560945120613e-02
4.000000000000000083e-03 2.040000000000000147e-01 nan
1.400000000000000029e-02 2.040000000000000147e-01 nan
2.400000000000000050e-02 2.040000000000000147e-01 nan
3.400000000000000244e-02 2.040000000000000147e-01 nan
4.399999999999999745e-02 2.040000000000000147e-01 nan
5.400000000000000633e-02 2.040000000000000147e-01 nan
6.400000000000000133e-02 2.040000000000000147e-01 nan
7.400000000000001021e-02 2.040000000000000147e-01 nan
8.400000000000000522e-02 2.040000000000000147e-01 nan
9.400000000000000022e-02 2.040000000000000147e-01 nan
1.040000000000000091e-01 2.040000000000000147e-01 nan
1.140000000000000041e-01 2.040000000000000147e-01 nan
1.239999999999999991e-01 2.040000000000000147e-01 nan
1.340000000000000080e-01 2.040000000000000147e-01 6.200775096887101157e-03
1.440000000000000169e-01 2.040000000000000147e-01 8.501062632829015087e-03
1.539999999999999980e-01 2.040000000000000147e-01 1.190148768596066553e-02
1.640000000000000069e-01 2.040000000000000147e-01 1.730216277034624106e-02
1.740000000000000158e-01 2.040000000000000147e-01 2.440305038129775284e-02
4.000000000000000083e-03 2.139999999999999958e-01 nan
1.400000000000000029e-02 2.139999999999999958e-01 nan
2.400000000000000050e-02 2.139999999999999958e-01 nan
3.400000000000000244e-02 2.139999999999999958e-01 nan
4.399999999999999745e-02 2.139999999999999958e-01 nan
5.400000000000000633e-02 2.139999999999999958e-01 nan
6.400000000000000133e-02 2.139999999999999958e-01 nan
7.400000000000001021e-02 2.139999999999999958e-01 nan
8.400000000000000522e-02 2.139999999999999958e-01 nan
9.400000000000000022e-02 2.139999999999999958e-01 nan
1.040000000000000091e-01 2.139999999999999958e-01 nan
1.140000000000000041e-01 2.139999999999999958e-01 nan
1.239999999999999991e-01 2.139999999999999958e-01 nan
1.340000000000000080e-01 2.139999999999999958e-01 nan
1.440000000000000169e-01 2.139999999999999958e-01 6.400800100012427052e-03
1.539999999999999980e-01 2.139999999999999958e-01 8.901112639079888922e-03
1.640000000000000069e-01 2.139999999999999958e-01 1.160145018127267669e-02
1.740000000000000158e-01 2.139999999999999958e-01 1.790223777972244079e-02
1.839999999999999969e-01 2.139999999999999958e-01 4.850606325790729478e-02
4.000000000000000083e-03 2.240000000000000047e-01 nan
1.400000000000000029e-02 2.240000000000000047e-01 nan
2.400000000000000050e-02 2.240000000000000047e-01 nan
3.400000000000000244e-02 2.240000000000000047e-01 nan
4.399999999999999745e-02 2.240000000000000047e-01 nan
5.400000000000000633e-02 2.240000000000000047e-01 nan
6.400000000000000133e-02 2.240000000000000047e-01 nan
7.400000000000001021e-02 2.240000000000000047e-01 nan
8.400000000000000522e-02 2.240000000000000047e-01 nan
9.400000000000000022e-02 2.240000000000000047e-01 nan
1.040000000000000091e-01 2.240000000000000047e-01 nan
1.140000000000000041e-01 2.240000000000000047e-01 nan
1.239999999999999991e-01 2.240000000000000047e-01 nan
1.340000000000000080e-01 2.240000000000000047e-01 nan
1.440000000000000169e-01 2.240000000000000047e-01 nan
1.539999999999999980e-01 2.240000000000000047e-01 6.700837604700637939e-03
1.640000000000000069e-01 2.240000000000000047e-01 8.001000125015700348e-03
1.740000000000000158e-01 2.240000000000000047e-01 1.150143767971001374e-02
1.839999999999999969e-01 2.240000000000000047e-01 2.520315039379927846e-02
1.940000000000000058e-01 2.240000000000000047e-01 4.020502562820360559e-02
4.000000000000000083e-03 2.340000000000000135e-01 nan
1.400000000000000029e-02 2.340000000000000135e-01 nan
2.400000000000000050e-02 2.340000000000000135e-01 nan
3.400000000000000244e-02 2.340000000000000135e-01 nan
4.399999999999999745e-02 2.340000000000000135e-01 nan
5.400000000000000633e-02 2.340000000000000135e-01 nan
6.400000000000000133e-02 2.340000000000000135e-01 nan
7.400000000000001021e-02 2.340000000000000135e-01 nan
8.400000000000000522e-02 2.340000000000000135e-01 nan
9.400000000000000022e-02 2.340000000000000135e-01 nan
1.040000000000000091e-01 2.340000000000000135e-01 nan
1.140000000000000041e-01 2.340000000000000135e-01 nan
1.239999999999999991e-01 2.340000000000000135e-01 nan
1.340000000000000080e-01 2.340000000000000135e-01 nan
1.440000000000000169e-01 2.340000000000000135e-01 nan
1.539999999999999980e-01 2.340000000000000135e-01 nan
1.640000000000000069e-01 2.340000000000000135e-01 6.800850106263300887e-03
1.740000000000000158e-01 2.340000000000000135e-01 9.101137642205214817e-03
1.839999999999999969e-01 2.340000000000000135e-01 1.490186273284166418e-02
1.940000000000000058e-01 2.340000000000000135e-01 3.110388798599816873e-02
2.040000000000000147e-01 2.340000000000000135e-01 3.780472559069880667e-02
4.000000000000000083e-03 2.439999999999999947e-01 nan
1.400000000000000029e-02 2.439999999999999947e-01 nan
2.400000000000000050e-02 2.439999999999999947e-01 nan
3.400000000000000244e-02 2.439999999999999947e-01 nan
4.399999999999999745e-02 2.439999999999999947e-01 nan
5.400000000000000633e-02 2.439999999999999947e-01 nan
6.400000000000000133e-02 2.439999999999999947e-01 nan
7.400000000000001021e-02 2.439999999999999947e-01 nan
8.400000000000000522e-02 2.439999999999999947e-01 nan
9.400000000000000022e-02 2.439999999999999947e-01 nan
1.040000000000000091e-01 2.439999999999999947e-01 nan
1.140000000000000041e-01 2.439999999999999947e-01 nan
1.239999999999999991e-01 2.439999999999999947e-01 nan
1.340000000000000080e-01 2.439999999999999947e-01 nan
1.440000000000000169e-01 2.439999999999999947e-01 nan
1.539999999999999980e-01 2.439999999999999947e-01 nan
1.640000000000000069e-01 2.439999999999999947e-01 nan
1.740000000000000158e-01 2.439999999999999947e-01 6.100762595324438209e-03
1.839999999999999969e-01 2.439999999999999947e-01 8.101012626578363296e-03
1.940000000000000058e-01 2.439999999999999947e-01 1.150143767971001374e-02
2.040000000000000147e-01 2.439999999999999947e-01 1.470183772971611624e-02
2.139999999999999958e-01 2.439999999999999947e-01 2.350293786723334222e-02
4.000000000000000083e-03 2.540000000000000036e-01 nan
1.400000000000000029e-02 2.540000000000000036e-01 nan
2.400000000000000050e-02 2.540000000000000036e-01 nan
3.400000000000000244e-02 2.540000000000000036e-01 nan
4.399999999999999745e-02 2.540000000000000036e-01 nan
5.400000000000000633e-02 2.540000000000000036e-01 nan
6.400000000000000133e-02 2.540000000000000036e-01 nan
7.400000000000001021e-02 2.540000000000000036e-01 nan
8.400000000000000522e-02 2.540000000000000036e-01 nan
9.400000000000000022e-02 2.540000000000000036e-01 nan
1.040000000000000091e-01 2.540000000000000036e-01 nan
1.140000000000000041e-01 2.540000000000000036e-01 nan
1.239999999999999991e-01 2.540000000000000036e-01 nan
1.340000000000000080e-01 2.540000000000000036e-01 nan
1.440000000000000169e-01 2.540000000000000036e-01 nan
1.539999999999999980e-01 2.540000000000000036e-01 nan
1.640000000000000069e-01 2.540000000000000036e-01 nan
1.740000000000000158e-01 2.540000000000000036e-01 nan
1.839999999999999969e-01 2.540000000000000036e-01 5.700712589073564374e-03
1.940000000000000058e-01 2.540000000000000036e-01 6.500812601575090000e-03
2.040000000000000147e-01 2.540000000000000036e-01 7.600950118764826513e-03
2.139999999999999958e-01 2.540000000000000036e-01 9.101137642205214817e-03
2.240000000000000047e-01 2.540000000000000036e-01 1.110138767345913990e-02
4.000000000000000083e-03 2.640000000000000124e-01 nan
1.400000000000000029e-02 2.640000000000000124e-01 nan
2.400000000000000050e-02 2.640000000000000124e-01 nan
3.400000000000000244e-02 2.640000000000000124e-01 nan
4.399999999999999745e-02 2.640000000000000124e-01 nan
5.400000000000000633e-02 2.640000000000000124e-01 nan
6.400000000000000133e-02 2.640000000000000124e-01 nan
7.400000000000001021e-02 2.640000000000000124e-01 nan
8.400000000000000522e-02 2.640000000000000124e-01 nan
9.400000000000000022e-02 2.640000000000000124e-01 nan
1.040000000000000091e-01 2.640000000000000124e-01 nan
1.140000000000000041e-01 2.640000000000000124e-01 nan
1.239999999999999991e-01 2.640000000000000124e-01 nan
1.340000000000000080e-01 2.640000000000000124e-01 nan
1.440000000000000169e-01 2.640000000000000124e-01 nan
1.539999999999999980e-01 2.640000000000000124e-01 nan
1.640000000000000069e-01 2.640000000000000124e-01 nan
1.740000000000000158e-01 2.640000000000000124e-01 nan
1.839999999999999969e-01 2.640000000000000124e-01 nan
1.940000000000000058e-01 2.640000000000000124e-01 nan
2.040000000000000147e-01 2.640000000000000124e-01 5.400675084385575531e-03
2.139999999999999958e-01 2.640000000000000124e-01 6.200775096887101157e-03
2.240000000000000047e-01 2.640000000000000124e-01 7.300912614076837670e-03
2.340000000000000135e-01 2.640000000000000124e-01 1.590198774846851570e-02
4.000000000000000083e-03 2.740000000000000213e-01 nan
1.400000000000000029e-02 2.740000000000000213e-01 nan
2.400000000000000050e-02 2.740000000000000213e-01 nan
3.400000000000000244e-02 2.740000000000000213e-01 nan
4.399999999999999745e-02 2.740000000000000213e-01 nan
5.400000000000000633e-02 2.740000000000000213e-01 nan
6.400000000000000133e-02 2.740000000000000213e-01 nan
7.400000000000001021e-02 2.740000000000000213e-01 nan
8.400000000000000522e-02 2.740000000000000213e-01 nan
9.400000000000000022e-02 2.740000000000000213e-01 nan
1.040000000000000091e-01 2.740000000000000213e-01 nan
1.140000000000000041e-01 2.740000000000000213e-01 nan
1.239999999999999991e-01 2.740000000000000213e-01 nan
1.340000000000000080e-01 2.740000000000000213e-01 nan
1.440000000000000169e-01 2.740000000000000213e-01 nan
1.539999999999999980e-01 2.740000000000000213e-01 nan
1.640000000000000069e-01 2.740000000000000213e-01 nan
1.740000000000000158e-01 2.740000000000000213e-01 nan
1.839999999999999969e-01 2.740000000000000213e-01 nan
1.940000000000000058e-01 2.740000000000000213e-01 nan
2.040000000000000147e-01 2.740000000000000213e-01 nan
2.139999999999999958e-01 2.740000000000000213e-01 5.400675084385575531e-03
2.240000000000000047e-01 2.740000000000000213e-01 6.100762595324438209e-03
2.340000000000000135e-01 2.740000000000000213e-01 1.070133766720848811e-02
2.439999999999999947e-01 2.740000000000000213e-01 3.350418802350296765e-02
4.000000000000000083e-03 2.840000000000000302e-01 nan
1.400000000000000029e-02 2.840000000000000302e-01 nan
2.400000000000000050e-02 2.840000000000000302e-01 nan
3.400000000000000244e-02 2.840000000000000302e-01 nan
4.399999999999999745e-02 2.840000000000000302e-01 nan
5.400000000000000633e-02 2.840000000000000302e-01 nan
6.400000000000000133e-02 2.840000000000000302e-01 nan
7.400000000000001021e-02 2.840000000000000302e-01 nan
8.400000000000000522e-02 2.840000000000000302e-01 nan
9.400000000000000022e-02 2.840000000000000302e-01 nan
1.040000000000000091e-01 2.840000000000000302e-01 nan
1.140000000000000041e-01 2.840000000000000302e-01 nan
1.239999999999999991e-01 2.840000000000000302e-01 nan
1.340000000000000080e-01 2.840000000000000302e-01 nan
1.440000000000000169e-01 2.840000000000000302e-01 nan
1.539999999999999980e-01 2.840000000000000302e-01 nan
1.640000000000000069e-01 2.840000000000000302e-01 nan
1.740000000000000158e-01 2.840000000000000302e-01 nan
1.839999999999999969e-01 2.840000000000000302e-01 nan
1.940000000000000058e-01 2.840000000000000302e-01 nan
2.040000000000000147e-01 2.840000000000000302e-01 nan
2.139999999999999958e-01 2.840000000000000302e-01 nan
2.240000000000000047e-01 2.840000000000000302e-01 5.100637579697364643e-03
2.340000000000000135e-01 2.840000000000000302e-01 7.700962620327489461e-03
2.439999999999999947e-01 2.840000000000000302e-01 1.340167520940127588e-02
2.540000000000000036e-01 2.840000000000000302e-01 nan
4.000000000000000083e-03 2.939999999999999836e-01 nan
1.400000000000000029e-02 2.939999999999999836e-01 nan
2.400000000000000050e-02 2.939999999999999836e-01 nan
3.400000000000000244e-02 2.939999999999999836e-01 nan
4.399999999999999745e-02 2.939999999999999836e-01 nan
5.400000000000000633e-02 2.939999999999999836e-01 nan
6.400000000000000133e-02 2.939999999999999836e-01 nan
7.400000000000001021e-02 2.939999999999999836e-01 nan
8.400000000000000522e-02 2.939999999999999836e-01 nan
9.400000000000000022e-02 2.939999999999999836e-01 nan
1.040000000000000091e-01 2.939999999999999836e-01 nan
1.140000000000000041e-01 2.939999999999999836e-01 nan
1.239999999999999991e-01 2.939999999999999836e-01 nan
1.340000000000000080e-01 2.939999999999999836e-01 nan
1.440000000000000169e-01 2.939999999999999836e-01 nan
1.539999999999999980e-01 2.939999999999999836e-01 nan
1.640000000000000069e-01 2.939999999999999836e-01 nan
1.740000000000000158e-01 2.939999999999999836e-01 nan
1.839999999999999969e-01 2.939999999999999836e-01 nan
1.940000000000000058e-01 2.939999999999999836e-01 nan
2.040000000000000147e-01 2.939999999999999836e-01 nan
2.139999999999999958e-01 2.939999999999999836e-01 nan
2.240000000000000047e-01 2.939999999999999836e-01 nan
2.340000000000000135e-01 2.939999999999999836e-01 5.400675084385575531e-03
2.439999999999999947e-01 2.939999999999999836e-01 8.901112639079888922e-03
2.540000000000000036e-01 2.939999999999999836e-01 1.300162520315040204e-02
2.640000000000000124e-01 2.939999999999999836e-01 1.960245030628837704e-02
