1.5742956152328922
1.2101242708988873
1.1227875646813288
0.9977183324154805
0.9376708725872241
0.973889436464621
1.0381188747314412
1.04882306308347
0.9915958277491799
0.9306313608173259
0.9291706457945843
0.9822535033025275
1.0315546630993133
1.0310589249924607
0.9865544879943329
0.9495058818292094
0.9521270790629272
0.9885352388773578
1.0227651268937423
1.0239324678147208
0.998842383139704
0.9752011461647561
0.9736750291648756
0.9934548897149187
1.0138499396875464
1.0187207157025588
1.0070798616385042
0.9933584739654313
0.9908651492552513
0.9991842729245345
